1768492337045 1.1313559662412713 0
1768492346742 1.1196422735850016 1
1768492356288 1.113740920468613 2
1768492366592 1.113034145478849 3
1768492376154 1.1117223496790285 4
1768492385667 1.111533966826068 5
1768492395163 1.1110070197118653 6
1768492404723 1.1100495745186452 7
1768492414237 1.110269307648694 8
1768492423809 1.1094217936197917 9
1768492433308 1.1092024619932528 10
1768492442778 1.1096530088120036 11
1768492452260 1.1089792567270773 12
1768492462313 1.1090492368848235 13
1768492472136 1.1092460414325749 14
1768492481823 1.1085401250256433 15
1768492491501 1.108624046764992 16
1768492501135 1.109270656881509 17
1768492510789 1.1090498213414792 18
1768492520448 1.1082741560759368 19
1768492530279 1.1091523962440315 20
1768492539773 1.1083424040564784 21
1768492549371 1.1091125848116699 22
1768492558875 1.1084072190854284 23
1768492568365 1.1086191874963265 24
1768492337045 1.1313559662412713 0
