1768382528474 0.40801288273803976 0
1768382530869 0.25769638888624186 1
1768382533285 0.2266642122195034 2
1768382535705 0.21152906129891808 3
1768382538056 0.2052546278951136 4
1768382540399 0.20121863369315748 5
1768382542764 0.19729659866009439 6
1768382545121 0.19776751352725802 7
1768382547712 0.19297657771805538 8
1768382550424 0.1961700816182096 9
1768382553202 0.18983458145072102 10
1768382555939 0.19166223630021437 11
1768382558575 0.1907877310046128 12
1768382560950 0.18877275869192764 13
1768382563350 0.19255998642920988 14
1768382565840 0.18685762218152924 15
1768382568558 0.18520811866091486 16
1768382571221 0.1890489263352165 17
1768382573911 0.18941341656256597 18
1768382576526 0.18648346356011955 19
1768382578954 0.1844549691987774 20
1768382581282 0.18652762823583538 21
1768382583670 0.18509659678837048 22
1768382586029 0.1818880177099387 23
1768382588594 0.18127219378229043 24
1768382591254 0.1851154863906298 25
1768382593785 0.18092778013681124 26
1768382596286 0.18003605396763697 27
1768382598761 0.18159020299444328 28
1768382601172 0.18143333795994634 29
1768382528474 0.40801288273803976 0
