1768382850970 0.36360247506540716 0
1768382853806 0.2454534193508068 1
1768382856651 0.2190890531109567 2
1768382859532 0.21060723200814374 3
1768382862441 0.2026801161669396 4
1768382865349 0.1963144620758226 5
1768382868516 0.19771355773865257 6
1768382871344 0.19428591003001427 7
1768382874173 0.19196728642842945 8
1768382877054 0.19107002726824357 9
1768382879891 0.1884211668075857 10
1768382883242 0.18883522924999474 11
1768382886567 0.18933257584291074 12
1768382889911 0.18765492779724155 13
1768382893244 0.18796860239680668 14
1768382896575 0.18660306589656356 15
1768382899882 0.18685938732907117 16
1768382903333 0.18707840005115653 17
1768382907079 0.18453015246820495 18
1768382909960 0.18403603076848515 19
1768382912932 0.1849135706078937 20
1768382916243 0.1833999042028856 21
1768382919384 0.1841054175221667 22
1768382922289 0.18198011525004065 23
1768382925114 0.18077736616882578 24
1768382929044 0.18255640485083044 25
1768382931950 0.18178820005945256 26
1768382934787 0.18037548180108595 27
1768382850970 0.36360247506540716 0
