1768338943284 0.5185409195043824 0
1768338944932 0.3245854511179707 1
1768338946573 0.27547101368280974 2
1768338948180 0.2492747581817887 3
1768338949794 0.23087913681837646 4
1768338951417 0.21628497774628075 5
1768338953000 0.21018554964526134 6
1768338954597 0.19948578151789578 7
1768338956236 0.1877036726610227 8
1768338957895 0.1810054906728593 9
1768338960558 0.17753544522618706 10
1768338962558 0.1719464447010647 11
1768338964218 0.1688725245269862 12
1768338966098 0.16744417104531417 13
1768338968918 0.16636204587464984 14
1768338971214 0.16204367344352333 15
1768338973703 0.16115071627904068 16
1768338975668 0.16214938644658436 17
1768338978099 0.15748971643095666 18
1768338979954 0.15715367533266544 19
1768338982231 0.15706978745081207 20
1768338984981 0.15629014911299402 21
1768338986806 0.15396344194358044 22
1768338988626 0.1528027907013893 23
1768338990924 0.15344903353940356 24
1768338993127 0.1532019635493105 25
1768338943284 0.5185409195043824 0
