1768337940808 0.6120117290453477 0
1768337942570 0.3701221312311563 1
1768337944269 0.3186679060824893 2
1768337945977 0.2865991897203706 3
1768337947631 0.2632670146497813 4
1768337949312 0.2494146782227538 5
1768337950992 0.23552954535592685 6
1768337952627 0.22587271139703013 7
1768337954309 0.2166596319526434 8
1768337955975 0.21011980951509693 9
1768337958056 0.20463921664790674 10
1768337959722 0.1984756153076887 11
1768337961497 0.19314193532548168 12
1768337963409 0.1915910589085384 13
1768337965096 0.18836652812632648 14
1768337966754 0.18661553788591514 15
1768337968427 0.18339964164928957 16
1768337970101 0.18342275053940035 17
1768337971840 0.18053052459250796 18
1768337974045 0.18104667883705008 19
1768337976234 0.17843033695085483 20
1768337978383 0.1789315195584839 21
1768337980551 0.17682300941510634 22
1768337982763 0.17698561603372748 23
1768337984425 0.17710645195435393 24
1768337986076 0.17531253421171145 25
1768337987750 0.1738088021562858 26
1768337989406 0.17546455758539112 27
1768337991069 0.17220219099386172 28
1768337992791 0.17235790193080902 29
1768337940808 0.6120117290453477 0
