1768382655140 0.40801288273803976 0
1768382657639 0.25769638888624186 1
1768382660169 0.2266642122195034 2
1768382662652 0.21152906129891808 3
1768382665405 0.2052546278951136 4
1768382667895 0.20121863369315748 5
1768382670403 0.19729659866009439 6
1768382672922 0.19776751352725802 7
1768382675392 0.19297657771805538 8
1768382677887 0.1961700816182096 9
1768382680588 0.18983458145072102 10
1768382683434 0.19166223630021437 11
1768382685944 0.1907877310046128 12
1768382688422 0.18877275869192764 13
1768382690946 0.19255998642920988 14
1768382693446 0.18685762218152924 15
1768382695985 0.18520811866091486 16
1768382698439 0.1890489263352165 17
1768382700901 0.18941341656256597 18
1768382703323 0.18648346356011955 19
1768382705894 0.1844549691987774 20
1768382708282 0.18652762823583538 21
1768382710846 0.18509659678837048 22
1768382713405 0.1818880177099387 23
1768382715837 0.18127219378229043 24
1768382718292 0.1851154863906298 25
1768382720726 0.18092778013681124 26
1768382723783 0.18003605396763697 27
1768382726952 0.18159020299444328 28
1768382729952 0.18143333795994634 29
1768382655140 0.40801288273803976 0
