1768337787335 0.68994786251675 0
1768337788727 0.3920263957232237 1
1768337790104 0.32769439951940016 2
1768337791481 0.29354624975134025 3
1768337792902 0.2676890311593359 4
1768337794314 0.25066892660476947 5
1768337795708 0.2347753102129156 6
1768337797101 0.2230459345673973 7
1768337798509 0.21931758221577513 8
1768337799924 0.2058449024842544 9
1768337801680 0.19965204186737537 10
1768337803407 0.1974664124914191 11
1768337805127 0.19128067354586992 12
1768337806835 0.20075590021230957 13
1768337808586 0.18934019224887544 14
1768337810329 0.18393461490896615 15
1768337812051 0.18351841955022377 16
1768337813413 0.18112090473825282 17
1768337814783 0.18087240325456316 18
1768337816150 0.18057359355417166 19
1768337817520 0.17649297737939793 20
1768337819244 0.17732881561598995 21
1768337820618 0.17655682777139273 22
1768337821993 0.18302751088684255 23
1768337823414 0.17680050171911715 24
1768337824807 0.17478036311539738 25
1768337826194 0.17346604368226096 26
1768337827562 0.17267379059710286 27
1768337828950 0.17079071466895668 28
1768337830332 0.17015787542543628 29
1768337831733 0.1703662588515065 30
1768337833126 0.1714785696091977 31
1768337834492 0.17094176804477518 32
1768337835889 0.1684595754200762 33
1768337787335 0.68994786251675 0
