1768338965612 0.6179342885586349 0
1768338967315 0.35117330923676493 1
1768338968921 0.2842270216481252 2
1768338970719 0.25608587434346025 3
1768338972337 0.24423804086717693 4
1768338973897 0.22273580990731717 5
1768338975424 0.20597340904853562 6
1768338977030 0.19900324320928617 7
1768338978676 0.19329467744312503 8
1768338980861 0.1845210868187926 9
1768338982865 0.17955804639919237 10
1768338985017 0.1762638179754669 11
1768338986557 0.17104322239756584 12
1768338988058 0.1690254953774539 13
1768338989715 0.1648598707873713 14
1768338991257 0.16407241685823962 15
1768338992791 0.16487335925075142 16
1768338994348 0.15868412991139022 17
1768338995971 0.15985870425674048 18
1768338997529 0.15978216950527646 19
1768338999131 0.15579590807584198 20
1768339000876 0.15517745871435512 21
1768339002579 0.15420020571486517 22
1768339004278 0.154978866671974 23
1768339006010 0.15321802007542415 24
1768339007750 0.15131435719403355 25
1768339009417 0.15326230614022776 26
1768339011167 0.14984342506663365 27
1768339012903 0.15078816840594464 28
1768339014463 0.1522724315862764 29
1768339016023 0.1508819729597731 30
1768339017577 0.1506038234653798 31
1768338965612 0.6179342885586349 0
